3 733.44 487.040256 1013.76 643.839744
3 0.0 480.0 211.2 653.439744
3 170.24 472.32 301.44 584.319744
3 277.12 472.32 346.24 536.960256
3 342.4 472.32 383.36 522.24
3 372.48 465.27974399999994 400.64 495.99974399999996
3 397.44 462.72 416.0 495.99974399999996
3 410.88 441.59999999999997 469.12 487.68
3 454.4 461.43974399999996 472.96 478.719744
3 478.08 429.440256 496.64 461.43974399999996
3 480.0 464.00025600000004 523.52 494.72025600000006
3 542.08 462.72 560.64 490.88025600000003
3 549.76 461.43974399999996 570.88 503.679744
3 570.88 466.56000000000006 600.32 507.519744
3 588.16 469.76025599999997 630.4 517.119744
3 610.56 473.60025599999994 691.2 542.079744
3 659.84 478.719744 800.0 574.08
