3 48.688776000000004 711.68 73.033164 724.48
3 57.657546 725.76 83.923716 741.76
3 69.82974 689.28 103.142898 711.68
3 96.09591 684.16 117.236874 701.44
3 101.221116 704.64 139.65948 720.64
3 145.42550699999998 683.52 178.738665 700.8
3 151.83167400000002 659.2 178.09784399999998 675.2
3 167.847432 645.76 196.03606499999998 659.2
3 218.45799000000002 617.6 236.39621100000002 627.84
3 311.351157 524.8 322.241709 531.84
3 334.413903 515.84 348.507879 522.88
3 334.413903 552.96 349.78952100000004 560.0
3 348.507879 526.72 363.883497 536.96
3 480.47955 492.16 491.370783 504.32
