3 0.0 142.719744 563.2 449.91974400000004
3 466.56 190.07999999999998 547.2 204.800256
3 534.4 187.520256 885.76 281.600256
3 535.68 227.840256 638.72 277.119744
3 563.2 170.240256 656.0 204.800256
3 654.72 202.23974399999997 746.88 232.32
3 661.12 172.8 704.64 207.36
3 749.44 190.07999999999998 823.68 228.48
3 768.64 305.28000000000003 1023.36 656.64
3 786.56 184.959744 989.44 272.00025600000004
3 871.68 162.56025599999998 979.84 219.519744
3 945.28 249.60000000000002 1023.36 317.439744
3 969.6 174.08025600000002 1014.4 223.359744
