3 0.64 251.52 24.32 263.679744
3 24.32 243.84 45.44 259.839744
3 57.6 243.84 78.72 251.52
3 72.96 238.71974400000002 94.08 255.999744
3 111.36 243.84 127.36 252.800256
3 118.4 236.16 138.24 243.84
3 158.08 243.84 169.6 250.23974399999997
3 170.88 240.0 180.48 248.960256
3 193.28 246.399744 217.6 252.800256
3 232.96 248.960256 245.12 255.999744
3 339.2 243.84 349.44 252.800256
3 352.0 258.560256 371.84 272.64
3 397.44 252.800256 410.24 270.080256
3 411.52 226.56 463.36 255.999744
3 423.68 268.79999999999995 443.52 277.119744
3 526.08 288.63974399999995 560.64 306.560256
3 541.44 282.24 570.24 305.919744
3 542.08 364.79999999999995 616.32 412.79999999999995
3 549.76 394.23974400000003 645.12 451.20000000000005
3 582.4 286.08 614.4 308.480256
3 603.52 296.96025599999996 647.04 321.920256
3 613.12 349.44 666.24 398.079744
3 631.68 362.240256 703.36 415.359744
3 632.96 312.320256 679.04 335.36025600000005
3 639.36 330.879744 681.6 368.00025600000004
3 867.2 574.08 992.0 695.679744
3 900.48 556.8 1023.36 627.2002560000001
3 974.08 547.839744 1023.36 579.84
