3 822.4 399.36 906.24 462.08025599999996
3 0.0 442.23974400000003 80.0 487.040256
3 33.92 440.96025599999996 89.6 468.48
3 72.32 447.36 142.08 480.63974399999995
3 112.0 437.120256 171.52 464.64
3 183.04 443.52 236.16 471.03974400000004
3 236.16 431.36025600000005 303.36 469.76025599999997
3 296.96 430.08000000000004 347.52 455.679744
3 401.28 422.40000000000003 460.8 451.20000000000005
3 495.36 410.24025599999993 554.88 442.23974400000003
3 556.16 408.96 604.16 449.91974400000004
3 604.16 414.72 631.68 435.84000000000003
3 635.52 416.00025600000004 676.48 440.96025599999996
3 696.32 403.839744 736.0 434.559744
3 725.76 398.72025600000006 781.44 443.52
3 796.8 393.59999999999997 835.2 427.520256
3 846.08 401.28 887.04 414.72
