3 59.52 206.079744 965.76 673.280256
3 10.24 202.23974399999997 200.96 293.120256
3 44.8 182.39999999999998 104.32 207.36
3 59.52 184.959744 179.84 223.359744
3 168.96 188.799744 191.36 228.48
3 239.36 156.15974400000002 359.68 253.44
3 357.12 199.68 391.04 231.039744
3 586.24 189.440256 625.92 211.839744
3 600.32 174.08025600000002 615.68 190.07999999999998
3 623.36 148.479744 835.84 300.159744
3 631.68 172.8 655.36 190.07999999999998
3 652.8 174.08025600000002 664.96 180.48
3 655.36 179.199744 664.96 190.07999999999998
3 823.68 176.000256 945.28 240.63974399999998
3 895.36 204.800256 1023.36 343.68
3 899.2 190.07999999999998 1010.56 231.039744
