3 1.28 611.199744 232.96 759.039744
3 126.72 555.519744 388.48 673.280256
3 267.52 566.4000000000001 398.08 631.040256
3 354.56 558.080256 435.2 601.599744
3 366.72 549.12 440.32 592.640256
3 412.8 547.839744 440.32 570.24
3 457.6 550.400256 488.32 568.959744
3 494.72 550.400256 509.44 571.520256
3 510.72 549.12 536.96 571.520256
3 525.44 555.519744 570.24 586.239744
3 559.36 552.96 653.44 606.080256
3 606.72 560.64 664.96 625.280256
3 657.28 550.400256 805.12 628.479744
3 677.12 574.08 733.44 643.839744
3 711.04 561.920256 872.32 663.680256
3 791.68 576.639744 1023.36 719.360256
3 986.24 641.28 1023.36 737.919744
