3 24.96 130.02854399999998 990.72 639.25248
3 41.6 115.296 69.12 176.14694400000002
3 60.16 111.452928 239.36 188.957184
3 107.52 99.282432 222.72 133.871616
3 211.84 88.39372800000001 420.48 167.81951999999998
3 352.0 81.988608 520.96 138.995712
3 538.24 81.988608 592.64 136.433664
3 547.84 95.43936000000001 1023.36 400.974336
3 694.4 73.02067199999999 759.04 98.001408
3 716.8 133.231104 1023.36 176.78745600000002
3 755.84 79.42656 920.32 94.158336
3 812.8 63.412992 887.04 75.58272
3 885.76 64.694016 962.56 94.158336
3 924.16 67.256064 991.36 90.955776
3 965.12 55.726079999999996 1015.04 83.269632
3 1011.2 81.988608 1023.36 98.001408
