3 5.000192 286.00010299999997 154.999808 370.000224
3 177.000448 311.999864 321.000448 403.000052
3 490.999808 311.999864 531.00032 356.00009
3 535.000064 318.999931 588.000256 350.999847
3 654.999552 331.00024099999996 682.999808 347.000199
3 686.999552 327.999822 707.999744 348.000111
3 700.000256 339.00022 760.000512 382.999763
3 762.000384 339.00022 789.999616 359.99973800000004
3 787.999744 335.999801 801.999872 363.000157
3 805.999616 340.000132 824.000512 351.999759
3 945.999872 356.00009 1022.999552 422.999658
