3 538.24 407.493509 631.04 469.64241100000004
3 28.8 477.330942 162.56 542.043143
3 30.08 246.674329 61.44 279.351098
3 70.4 272.943875 115.2 305.619961
3 87.68 215.920205 117.76 240.90776
3 125.44 237.063836 150.4 258.207467
3 230.4 294.72816 281.6 333.170815
3 277.76 225.530698 317.44 249.237628
3 341.12 310.745876 391.04 351.75114700000006
3 375.04 354.314446 456.32 406.85285500000003
3 535.04 573.437921 709.76 673.3895070000001
3 582.4 318.434407 657.28 348.54787699999997
3 695.04 345.985261 787.2 385.709224
3 830.08 384.42791600000004 943.36 436.966325
