3 380.79974400000003 817.92 465.27974399999994 904.96
3 152.31974400000001 904.96 355.20000000000005 1023.36
3 159.999744 783.36 219.519744 832.0
3 193.28025599999998 750.08 247.68 791.68
3 210.56025599999998 730.88 255.999744 760.32
3 250.88025599999997 659.2 305.28000000000003 700.8
3 276.48 661.76 336.0 752.64
3 290.55974399999997 634.88 302.720256 650.88
3 325.760256 619.52 328.959744 627.84
3 328.959744 617.6 334.08 622.72
3 337.92 617.6 344.96025599999996 622.72
3 337.92 679.04 362.240256 700.16
3 343.040256 672.0 367.359744 688.0
3 346.880256 619.52 357.12 627.84
3 348.159744 666.88 367.359744 675.84
3 350.079744 631.68 355.20000000000005 638.72
3 373.119744 738.56 416.64 780.8
3 374.4 712.32 411.519744 742.4
3 376.32 695.04 407.679744 717.44
3 430.719744 682.88 460.160256 716.16
3 449.91974400000004 664.96 474.24 682.88
3 465.27974399999994 784.0 523.520256 838.4
3 504.320256 658.56 521.600256 675.84
3 519.680256 897.92 640.640256 1023.36
3 552.96 728.32 602.2402559999999 764.8
3 581.1202559999999 745.6 631.6800000000001 787.84
3 617.600256 756.48 633.5999999999999 798.08
